
[-0.06220654  0.02444295  0.06279583 -0.04836049 -0.06585974 -0.03357571
  0.03820366 -0.06549769  0.17968825 -0.01516297  0.2317576   0.03681213
 -0.24928518  0.0421546  -0.08802743  0.13582456 -0.21214651 -0.0882603
 -0.01233776  0.07966799  0.10670477  0.01535868  0.04236399  0.11189894
 -0.11060696 -0.28501412 -0.09387908 -0.01894318 -0.04553962 -0.04486645
  0.05138449  0.11546084 -0.21334417 -0.02541277 -0.00494882  0.00863178
 -0.04039806 -0.14672101  0.27321139  0.13942726 -0.2553004  -0.0199116
  0.04362376  0.32793233  0.14949518  0.01796686  0.01188701 -0.01914034
  0.11876807 -0.40651551  0.01080546  0.17023678  0.08302762  0.02553988
  0.02500109 -0.09809965  0.06514395  0.06667196 -0.19768809  0.05326626
  0.04350352 -0.09558359  0.12212427 -0.11980998  0.20025714  0.10207719
 -0.12525643 -0.02891827  0.08046287 -0.16551813 -0.13472116  0.0744663
 -0.10845412 -0.22475331 -0.36374235 -0.01540287  0.42260078  0.17663151
 -0.15743877  0.01950536 -0.09227613 -0.03279861  0.07982235  0.17396455
  0.00336713  0.05303496 -0.12917545 -0.02762181  0.29405227 -0.02238869
 -0.07643706  0.31001797  0.04370987 -0.00918164  0.02446089  0.0600783
 -0.02674676 -0.04067793 -0.15422787  0.04469858 -0.07850239  0.00397484
 -0.01481713  0.13820712 -0.21613568  0.09503938 -0.0103318  -0.0964612
 -0.01545567 -0.022715   -0.13950613 -0.05954276  0.05975189 -0.26082963
  0.12530553  0.14641143  0.0051513   0.09780715  0.01153913  0.05973005
 -0.0710914  -0.03297352 -0.07459942 -0.11506538  0.09083234  0.01084272
  0.08819369 -0.02165064]
[-0.05337493  0.02269661  0.05447037 -0.06009575 -0.05469213 -0.03094606
  0.0292941  -0.10025967  0.15080012 -0.04707531  0.19541985  0.01552954
 -0.24401093  0.03024048 -0.05949672  0.14450933 -0.15948381 -0.10869408
 -0.06025286  0.06339739  0.10794206  0.03647187 -0.00063268  0.13204652
 -0.11134312 -0.24776454 -0.08721174 -0.03295323 -0.05933587 -0.03377745
  0.0476829   0.11752409 -0.2153381  -0.00996129 -0.01960287  0.02162854
 -0.03165125 -0.1185538   0.25127351  0.14976124 -0.26437843  0.0085638
  0.02934883  0.29488087  0.15694003 -0.00198743  0.03411656 -0.01595218
  0.1074031  -0.3853572   0.00215753  0.15090178  0.08448496  0.04740301
  0.02628856 -0.13841707  0.05061943  0.0567598  -0.20505458  0.07213411
  0.03515437 -0.09690566  0.08024301 -0.10387449  0.20651641  0.11086864
 -0.14547104 -0.03413584  0.08147119 -0.18076302 -0.12364908  0.10450666
 -0.12430886 -0.1883793  -0.37913585 -0.00421959  0.43766025  0.15314727
 -0.19387349 -0.00615918 -0.08473811 -0.00233119  0.09303764  0.15523992
  0.00931396  0.05067914 -0.09575554 -0.02323747  0.27585173  0.00374456
 -0.08647763  0.30693829  0.0468014  -0.01549892  0.02392277  0.08078209
 -0.00306545 -0.10143538 -0.12062712  0.03510415 -0.08159711 -0.01223803
 -0.0228367   0.1347129  -0.19273797  0.12841624 -0.01755707 -0.07095528
 -0.04113345  0.01504782 -0.14459203 -0.0394124   0.08020063 -0.24507347
  0.11264586  0.14177421 -0.02758211  0.06592262  0.0061426   0.08074304
 -0.1033097  -0.01934234 -0.08292814 -0.12462038  0.10671395  0.0139776
  0.10219343 -0.01964778]
[-9.75382105e-02  4.11720108e-03  7.32445121e-02 -4.79397289e-02
 -8.32593292e-02 -9.10071433e-02 -1.45027414e-02 -7.44723901e-02
  1.60788655e-01 -5.68440259e-02  2.04214856e-01  5.27047366e-02
 -2.48766840e-01 -1.35534015e-02 -3.85702327e-02  1.59886062e-01
 -1.65442511e-01 -9.53964144e-02 -6.25687242e-02 -2.57812813e-03
  1.53934911e-01  2.19033007e-02  3.85494679e-02  1.47790670e-01
 -2.90280841e-02 -3.26118350e-01 -7.28248805e-02 -3.78413685e-02
  7.65424222e-03 -9.22590196e-02  3.45000103e-02  5.69067672e-02
 -1.69778988e-01 -5.04862592e-02 -1.00177173e-02 -6.63110148e-03
 -5.97625189e-02 -1.39560670e-01  2.43630767e-01  1.03671364e-01
 -2.49923036e-01  1.54813435e-02  5.04541956e-03  2.71164834e-01
  1.83673322e-01  2.97448691e-02  6.88216910e-02 -9.62709188e-02
  9.82213989e-02 -3.38351518e-01 -7.98581354e-03  1.78957179e-01
  4.54761758e-02  2.54448671e-02  6.29261509e-02 -1.61703333e-01
  2.52396315e-02  1.04157314e-01 -2.37271383e-01  8.95490050e-02
  4.63326368e-03 -1.10064484e-01  6.93893582e-02 -1.04826212e-01
  1.71465084e-01  9.24021453e-02 -1.32911116e-01 -5.41994497e-02
  1.22606739e-01 -1.84807301e-01 -9.94957387e-02  7.22992644e-02
 -1.25762865e-01 -2.36751363e-01 -3.18132102e-01 -1.77832879e-02
  4.25549865e-01  1.62822440e-01 -1.68748498e-01  1.95317641e-02
 -9.16761756e-02 -4.18852940e-02  6.67628646e-02  1.76088199e-01
 -5.95450960e-03  2.63699144e-03 -6.85222372e-02  5.11897728e-04
  1.86700240e-01  2.00896580e-02 -3.29276547e-02  3.13067764e-01
  6.82165697e-02  4.57642227e-03  3.34932506e-02  8.10297281e-02
 -6.54536188e-02 -4.09733132e-02 -1.44269213e-01 -1.19058695e-02
 -1.08868726e-01 -4.18519154e-02  3.98131050e-02  6.96806759e-02
 -1.82889968e-01  1.14168905e-01 -4.50564781e-03 -6.79859817e-02
 -5.99489249e-02  8.16134177e-03 -1.14735849e-01 -4.68712859e-02
  6.54805228e-02 -2.29439706e-01  1.71284169e-01  2.36678496e-01
  9.15153623e-02  1.37683675e-01  1.23412814e-04  5.86582869e-02
 -4.06338796e-02 -7.70384893e-02 -8.26166943e-02 -3.41483764e-02
  5.26641123e-02  1.64513104e-02  5.98670207e-02 -1.80470245e-03]
[-0.08708068 -0.01686645  0.04865081 -0.0600136  -0.03320465 -0.04821111
  0.05780656 -0.09853364  0.17155059 -0.05833092  0.21374723  0.01036836
 -0.30658281  0.01942515 -0.04381239  0.14165559 -0.19096774 -0.09089609
 -0.05688959  0.02744107  0.10917245  0.0023559   0.05131865  0.15164319
 -0.04802584 -0.24961564 -0.0920663  -0.06618457 -0.02718126 -0.06394281
  0.0370525   0.0464015  -0.1715762  -0.02262227 -0.02390193 -0.01373103
 -0.06110827 -0.15221746  0.27290717  0.13206314 -0.22465783 -0.01524723
  0.0121718   0.27573842  0.15420286  0.04348396  0.00809403 -0.06287659
  0.10424123 -0.39965782 -0.01886052  0.16784149  0.07470445  0.04129885
  0.04593167 -0.14513883  0.06194458  0.06705524 -0.22123849  0.10433051
  0.02523916 -0.09123306  0.0848207  -0.08649062  0.19707705  0.10303915
 -0.15410066 -0.02937058  0.09249183 -0.19057742 -0.13511631  0.1055566
 -0.11478518 -0.23945415 -0.30580685 -0.01577562  0.41663319  0.18074158
 -0.14611647 -0.00637202 -0.12021547 -0.01881548  0.0753748   0.1524594
 -0.0148737   0.00855561 -0.09621209 -0.04470752  0.2150228  -0.01411689
 -0.06270668  0.33516064  0.04159437  0.00502381  0.01647925  0.0742387
 -0.01874503 -0.04720691 -0.12381195  0.00089502 -0.04844797 -0.04305337
  0.03700919  0.07543524 -0.21858533  0.08920224 -0.02082734 -0.08705501
 -0.01185495  0.00548927 -0.14833559 -0.01862698  0.07983411 -0.29488739
  0.15532498  0.22029898  0.03687281  0.07867926 -0.00262856  0.06281371
 -0.06299757 -0.04449164 -0.07629671 -0.09714419  0.07623568  0.04618846
  0.06689226 -0.01888456]
[-0.07654173 -0.0349311   0.0508899  -0.06706352 -0.02828653 -0.0430287
  0.0531191  -0.08316664  0.15677258 -0.06161709  0.21517558  0.00818377
 -0.2970356   0.02703855 -0.05474307  0.14187673 -0.19274898 -0.0987265
 -0.04754861  0.02697508  0.10116581  0.01369798  0.04230047  0.15539108
 -0.05847106 -0.25163066 -0.09342188 -0.06191337 -0.04668713 -0.07343218
  0.04517865  0.07266881 -0.17416228 -0.00791029 -0.01467893  0.00204515
 -0.05213575 -0.15125524  0.27273998  0.14868537 -0.2368968   0.00103772
  0.01054799  0.29912227  0.15072574  0.03601933 -0.00302697 -0.05498385
  0.10120167 -0.40321603 -0.02546319  0.17610431  0.07262143  0.02908648
  0.02892266 -0.12997977  0.06169173  0.05942719 -0.2247238   0.0894185
  0.02115702 -0.10684458  0.09956796 -0.10014378  0.19373988  0.10470818
 -0.16415767 -0.02791617  0.09148943 -0.19016948 -0.13585457  0.10853636
 -0.1158241  -0.23491433 -0.3051365  -0.01454731  0.41995451  0.16775697
 -0.14072242  0.00612592 -0.11893142 -0.02123173  0.06980824  0.17167763
 -0.00905487  0.01839081 -0.08643518 -0.03250606  0.22289482 -0.00936257
 -0.06857144  0.31956485  0.02799375  0.00678414  0.02582825  0.07826182
 -0.01736135 -0.04423144 -0.12349886  0.01777866 -0.07054187 -0.04292001
  0.03181825  0.08537947 -0.21252835  0.09451015 -0.02511079 -0.10001838
 -0.00928786  0.01054964 -0.13991734 -0.02222172  0.07516139 -0.30869147
  0.14494132  0.21414559  0.03448839  0.07966825  0.00116893  0.06493346
 -0.07428967 -0.04819481 -0.09206304 -0.09814256  0.07898055  0.04683824
  0.0744904  -0.02990983]
[-8.16269144e-02 -4.68433574e-02  3.63803245e-02 -3.69113944e-02
 -1.12266233e-02 -3.57745290e-02  1.49090029e-03 -8.39521363e-02
  1.39863357e-01 -3.60249728e-02  2.31722519e-01  1.82440020e-02
 -2.49886081e-01 -1.97880669e-03 -5.79588749e-02  1.39635578e-01
 -1.93714306e-01 -9.05650780e-02 -3.91762182e-02 -3.70524358e-03
  7.82298148e-02 -1.99216083e-02  5.72723001e-02  1.33144200e-01
 -7.20525235e-02 -3.05473477e-01 -9.79437158e-02 -9.48085859e-02
 -4.34257947e-02 -9.19170007e-02  6.19908869e-02  4.09704745e-02
 -1.85830936e-01  5.16402163e-03 -1.97884385e-02 -2.67494395e-02
 -7.53129795e-02 -1.45071402e-01  2.75874197e-01  1.26336426e-01
 -2.20653772e-01 -1.52007770e-02  2.88200919e-02  2.71950006e-01
  1.81611121e-01  4.53038588e-02  4.49255221e-02 -5.60470559e-02
  1.05101816e-01 -3.74604613e-01 -3.27978320e-02  1.91118777e-01
  6.12398349e-02  8.43930524e-03  4.54075709e-02 -1.19952209e-01
  1.66867450e-02  7.74002746e-02 -1.79217637e-01  1.35480657e-01
 -1.89083368e-02 -5.90856224e-02  8.34013671e-02 -7.31786340e-02
  1.93667606e-01  1.03005663e-01 -1.56755820e-01 -2.60372721e-02
  1.35294482e-01 -1.84338555e-01 -9.42678005e-02  1.13017306e-01
 -1.17193289e-01 -3.23116779e-01 -2.74930239e-01 -1.95270088e-02
  4.37742084e-01  1.61495894e-01 -1.52710602e-01  2.02099830e-02
 -1.19638033e-01 -4.14849557e-02  8.00326839e-02  1.85439363e-01
  9.84718092e-03  1.34443184e-02 -8.90057310e-02 -4.42028865e-02
  2.61591524e-01 -9.32870619e-03 -5.66687956e-02  3.10800672e-01
  1.15056522e-04  1.71031430e-03  2.27190144e-02  8.41409341e-02
 -3.71522233e-02 -3.58107835e-02 -1.34871781e-01 -2.93289013e-02
 -7.86500499e-02 -2.98457798e-02  2.57437564e-02  5.84846660e-02
 -1.75495699e-01  9.11284611e-02 -1.20861353e-02 -8.18201452e-02
 -2.56382022e-02  2.53272112e-02 -1.17366903e-01 -4.17030156e-02
  9.42030698e-02 -2.75588423e-01  1.48973435e-01  2.21393913e-01
  3.87958214e-02  1.14006639e-01  1.72105283e-02  7.99648538e-02
 -4.83795516e-02 -5.68386540e-02 -9.05654877e-02 -7.14125335e-02
  1.12962909e-02  5.17764017e-02  4.47783992e-02 -4.16991003e-02]
[-8.14705640e-02 -4.09887284e-02  3.39025781e-02 -3.22375745e-02
 -1.42724644e-02 -3.39131020e-02 -4.40305658e-03 -8.23858380e-02
  1.39416456e-01 -3.01417038e-02  2.21848279e-01  1.61639042e-02
 -2.41166294e-01 -7.75783835e-03 -5.52830175e-02  1.37364820e-01
 -2.05683514e-01 -9.15134996e-02 -3.92972790e-02  2.57050246e-03
  7.09396601e-02 -2.48797946e-02  5.54066673e-02  1.40630022e-01
 -7.58232027e-02 -3.02634865e-01 -9.24129635e-02 -9.32214409e-02
 -4.21048328e-02 -9.31061879e-02  4.59365249e-02  5.25222160e-02
 -1.83654413e-01 -2.69660726e-04 -1.87591594e-02 -2.52421945e-02
 -8.27092379e-02 -1.35547221e-01  2.78051257e-01  1.27246633e-01
 -2.22782731e-01 -1.63792707e-02  2.46024467e-02  2.80134916e-01
  1.87727824e-01  5.03191203e-02  4.16318253e-02 -4.69344184e-02
  1.13143846e-01 -3.79465222e-01 -2.86628921e-02  2.04239264e-01
  6.61353022e-02  8.84178281e-03  4.49003987e-02 -1.24579459e-01
  8.36113375e-03  7.27965012e-02 -1.71772391e-01  1.42699555e-01
 -1.21718328e-02 -7.31648356e-02  8.69575366e-02 -8.49781409e-02
  1.92821816e-01  1.08983055e-01 -1.55350029e-01 -2.89674327e-02
  1.37891158e-01 -1.77222311e-01 -9.19439793e-02  1.17811963e-01
 -1.14432953e-01 -3.22227001e-01 -2.75914967e-01 -2.16795336e-02
  4.30802047e-01  1.65533006e-01 -1.51751384e-01  3.95462802e-03
 -1.19885169e-01 -4.66420427e-02  7.24836439e-02  1.88851058e-01
  3.24424915e-03  1.24036251e-02 -9.06040967e-02 -4.32469919e-02
  2.57673055e-01 -5.93737606e-03 -5.53753264e-02  3.03427160e-01
  3.21606454e-03 -1.63397565e-03  1.83618087e-02  8.15908015e-02
 -4.17946093e-02 -3.27896923e-02 -1.36814401e-01 -2.19984334e-02
 -7.96831772e-02 -3.61395553e-02  2.73270831e-02  6.40696138e-02
 -1.63281277e-01  9.53887701e-02 -1.36185214e-02 -7.66891465e-02
 -3.27075981e-02  2.27093231e-02 -1.20899342e-01 -4.04059552e-02
  9.59935412e-02 -2.71051288e-01  1.49128661e-01  2.14113668e-01
  4.47940826e-02  1.10570207e-01  1.08758789e-02  8.54982808e-02
 -5.58634400e-02 -5.72187304e-02 -8.79988819e-02 -7.39741623e-02
  1.41911004e-02  4.85847667e-02  4.62192968e-02 -3.89560722e-02]
[-0.07931187 -0.03812736  0.04328642 -0.03038568 -0.00946127 -0.03503863
  0.00284201 -0.09110089  0.14730141 -0.02784608  0.23292086  0.01494764
 -0.24991553  0.00063481 -0.05395703  0.13942629 -0.20066191 -0.08421981
 -0.04626675 -0.00588774  0.06917267 -0.02624753  0.05831687  0.13684995
 -0.07358933 -0.28783143 -0.09655991 -0.092876   -0.044491   -0.09353154
  0.04363565  0.04853714 -0.17647251 -0.00095133 -0.01279324 -0.02265431
 -0.09766923 -0.14096773  0.2822181   0.12463903 -0.20925218 -0.02669724
  0.02826702  0.27457613  0.19385371  0.05144641  0.04021934 -0.05199149
  0.11620777 -0.3854174  -0.03297117  0.20748697  0.06883513  0.02380746
  0.0582319  -0.12704639  0.01041312  0.07228109 -0.16576536  0.14596054
 -0.00801066 -0.07572284  0.08099657 -0.0864603   0.19881898  0.11147741
 -0.16241634 -0.02688506  0.13602149 -0.17351274 -0.10141852  0.12271091
 -0.12273999 -0.32661027 -0.27694821 -0.02193441  0.43234238  0.16727048
 -0.15180214 -0.00104426 -0.11896662 -0.04018861  0.06974135  0.18354076
  0.00070499  0.01245701 -0.09167404 -0.04728051  0.25523278 -0.01740472
 -0.05925518  0.30717289 -0.00466447  0.00247618  0.01318326  0.08192936
 -0.0368154  -0.0365984  -0.1399336  -0.02969744 -0.06884857 -0.03605052
  0.03304273  0.05915421 -0.16299155  0.08943176 -0.01621629 -0.07149708
 -0.03557544  0.01499234 -0.13231519 -0.03022412  0.1042119  -0.28057301
  0.15639308  0.21442328  0.03525701  0.10072562  0.011003    0.08767508
 -0.05546206 -0.05508733 -0.07579047 -0.07663906  0.00981391  0.05913238
  0.04318483 -0.04122727]
[-0.07995759 -0.04287283  0.0428228  -0.03452193 -0.01317007 -0.03016407
  0.00761766 -0.08049587  0.14653459 -0.02463974  0.23544082  0.02437766
 -0.24789526 -0.00794322 -0.04894926  0.13782664 -0.20353165 -0.08336695
 -0.04579068 -0.00646694  0.08094353 -0.02085848  0.05690129  0.13742797
 -0.07511056 -0.29689035 -0.09473965 -0.09303865 -0.04465143 -0.09660902
  0.04885504  0.04922437 -0.17627244 -0.00318952 -0.01441965 -0.01729919
 -0.09136504 -0.13869379  0.27225858  0.13254367 -0.21202415 -0.0194536
  0.02915905  0.27596459  0.19591638  0.05465394  0.04248045 -0.04190126
  0.11148518 -0.38886064 -0.03645498  0.20655122  0.06752756  0.02280188
  0.05629795 -0.12553224  0.01361907  0.06438071 -0.17127669  0.14338137
 -0.01300611 -0.07738568  0.08107355 -0.07596036  0.18916193  0.10732112
 -0.16161783 -0.03396277  0.12309266 -0.17824547 -0.10601277  0.12727699
 -0.12929499 -0.32258108 -0.27892211 -0.01855616  0.43967003  0.16326815
 -0.14798713  0.00181258 -0.12050475 -0.03723064  0.07133966  0.18418968
  0.00874997  0.01461085 -0.09638714 -0.03906538  0.24724878 -0.01612269
 -0.06125712  0.31351653 -0.00181284  0.00956948  0.01348045  0.09024609
 -0.03065262 -0.02835705 -0.13057037 -0.02927556 -0.06137997 -0.03336025
  0.03674995  0.0535345  -0.16607966  0.089742   -0.02007552 -0.06583796
 -0.0321818   0.01365134 -0.13387859 -0.02719367  0.10052744 -0.28478533
  0.15552925  0.22927201  0.03016772  0.09696823  0.01284662  0.07865557
 -0.05279674 -0.05895197 -0.07761687 -0.07306258  0.00220435  0.05673143
  0.03834034 -0.04506724]
[-0.0899551  -0.02688794  0.05017299 -0.06188347 -0.00049447 -0.02521717
  0.04878472 -0.07248014  0.15702766 -0.03644062  0.22764167  0.01619938
 -0.29930609 -0.00864485 -0.04277121  0.12725975 -0.19518809 -0.08873573
 -0.03581101  0.001886    0.10919283  0.01579979  0.04891988  0.15798202
 -0.0774954  -0.25868541 -0.07836338 -0.09393464 -0.03571537 -0.08084829
  0.02589021  0.05638801 -0.15650246 -0.01768027 -0.01877212  0.00780326
 -0.05533155 -0.1370056   0.25248069  0.14337675 -0.21212228 -0.00858121
  0.01634544  0.30059654  0.16838571  0.05620123  0.00219537 -0.05792297
  0.09169447 -0.39457792 -0.03965266  0.18641356  0.07684221  0.02024319
  0.03373032 -0.12908906  0.04733045  0.04158267 -0.22665817  0.11112286
  0.00168381 -0.09903651  0.08491204 -0.08288734  0.18758079  0.09915321
 -0.17182684 -0.02559617  0.09519526 -0.19811124 -0.15005422  0.11183167
 -0.11036041 -0.25475577 -0.29255927 -0.01496059  0.42194688  0.16995823
 -0.15753792  0.0132543  -0.12585634 -0.0330078   0.07773785  0.17571305
 -0.01852591  0.01356269 -0.10009892 -0.04897468  0.21608016 -0.00596514
 -0.05909137  0.31452706  0.02824219  0.020038    0.03603051  0.09386832
 -0.03954446 -0.02844424 -0.13240992 -0.01717015 -0.05112619 -0.0518605
  0.04185542  0.07459872 -0.21112289  0.10404497 -0.01292143 -0.10067038
  0.00490108  0.00766343 -0.13601771 -0.02149285  0.09272885 -0.29893219
  0.13734916  0.23520914  0.05376301  0.08805152  0.0232714   0.06317634
 -0.06367107 -0.04422439 -0.09466478 -0.0953256   0.05336098  0.02975695
  0.0664032  -0.0376464 ]
[-0.11399569  0.01916658  0.04833917 -0.07676852 -0.08446471 -0.0152211
 -0.00272455 -0.05362037  0.18824171 -0.08777188  0.17328455 -0.00513226
 -0.25753853 -0.01112067 -0.02533737  0.17952386 -0.21841224 -0.11704295
 -0.01502714 -0.00484837  0.1405127   0.01501474  0.04512563  0.16701038
 -0.09544552 -0.35112792 -0.03218604 -0.05163873 -0.01298687 -0.04842385
  0.03547586  0.10481382 -0.20444231  0.00045807 -0.03011507  0.03563211
 -0.02809622 -0.08767512  0.20659727  0.1236195  -0.22249185 -0.02471977
  0.03431362  0.25909787  0.1991972   0.06998697  0.03054857 -0.07731873
  0.07070541 -0.37747386 -0.03360343  0.17635836  0.01223432 -0.00070099
  0.0671811  -0.16011101  0.00789276  0.03969259 -0.21206549  0.07639758
 -0.00590618 -0.06004439  0.02536648 -0.13323738  0.22905456  0.08613243
 -0.14832503 -0.04436263  0.14119633 -0.16698685 -0.13660577  0.05725655
 -0.09156744 -0.22421315 -0.31912035 -0.03556061  0.40379137  0.19659863
 -0.17323366  0.06159788 -0.09523602 -0.03260701  0.0634698   0.16347528
 -0.0120673   0.01368171 -0.07215761 -0.00631597  0.16179891  0.02017614
 -0.02414379  0.3152352   0.0459746   0.01711415  0.01355189  0.06083567
 -0.09136232 -0.0234183  -0.20443366 -0.07966164 -0.06045515  0.00295972
  0.0380593   0.08785345 -0.2144897   0.13050538 -0.01188576 -0.09022464
 -0.02610202  0.0399105  -0.15550312 -0.01569712  0.07462086 -0.25623572
  0.12564419  0.21404953  0.06722038  0.14788978  0.07237235  0.07304787
 -0.03134744 -0.04502666 -0.10891977 -0.07058388  0.07049756 -0.01423153
  0.06313647  0.01553132]
[-0.09729771 -0.008036    0.05255104 -0.08286587 -0.07894013 -0.02364528
  0.00479207 -0.06220729  0.17299616 -0.10136403  0.17187993  0.00146598
 -0.2463896   0.01880709 -0.03031566  0.16281645 -0.22822686 -0.12135074
 -0.00757735 -0.01884475  0.09491465 -0.0286143   0.02678185  0.16119516
 -0.10217714 -0.29218245 -0.0471254  -0.06068259 -0.04927292 -0.05497858
  0.04244293  0.07377512 -0.22949421 -0.00064269 -0.04432895  0.04294122
 -0.03612188 -0.11833144  0.2265974   0.1426318  -0.22640762 -0.01774085
  0.03635485  0.26238561  0.2008733   0.04593462  0.00676    -0.05801175
  0.1404635  -0.39891651 -0.04726271  0.17614199  0.01626129 -0.01012514
  0.05759364 -0.13874501  0.03906913  0.06860139 -0.18018821  0.08573881
  0.00539353 -0.08151141  0.05388002 -0.12619117  0.2516605   0.101422
 -0.14337195 -0.03692354  0.15006477 -0.14876536 -0.15484682  0.06122051
 -0.09539192 -0.217328   -0.33898619 -0.02088549  0.41152436  0.17576984
 -0.14273548  0.07124252 -0.12707978 -0.01233688  0.06993385  0.18512519
 -0.0005917   0.02372301 -0.07950898 -0.03051393  0.21361424  0.01798405
 -0.03082978  0.29509217  0.0097388   0.02295885  0.01431455  0.04941464
 -0.10148565 -0.03703008 -0.19875848 -0.06585741 -0.05156654 -0.01597797
  0.02973932  0.11029551 -0.24218841  0.08524942 -0.0322407  -0.08984047
 -0.01926194  0.02742059 -0.14324948 -0.00513112  0.06713282 -0.28475192
  0.13786295  0.2054335   0.03821165  0.11370415  0.08284307  0.05509049
 -0.0524617  -0.0347769  -0.11819707 -0.08014202  0.05657021  0.01375783
  0.06104662  0.0062443 ]
[-1.10184334e-01  1.09685259e-02  4.03802916e-02 -6.20955005e-02
 -7.28924572e-02 -5.09358570e-02  5.22098783e-03 -6.51335716e-02
  1.76209986e-01 -6.76319823e-02  1.86646461e-01 -1.63566601e-02
 -2.42861301e-01 -6.17912831e-03 -2.29700543e-02  1.67399094e-01
 -2.60140210e-01 -1.06159128e-01 -3.63783725e-03  1.49744852e-02
  1.14795044e-01 -2.40476187e-02  3.62550132e-02  1.70563117e-01
 -9.46568027e-02 -3.20502102e-01 -5.39815351e-02 -6.88978508e-02
 -3.28066796e-02 -4.08908725e-02  5.92585318e-02  9.44797844e-02
 -2.19779864e-01 -5.76020591e-03 -3.62154990e-02  2.76381429e-02
 -2.11127941e-02 -9.71007422e-02  2.22933754e-01  1.30218849e-01
 -2.18572527e-01 -1.95309054e-02  3.22492160e-02  2.56284624e-01
  1.87957034e-01  6.30905405e-02  1.34755140e-02 -5.26682474e-02
  9.89899263e-02 -3.83398950e-01 -5.68739697e-02  1.79568246e-01
  2.21074540e-02 -8.54760781e-03  5.70874736e-02 -1.55511349e-01
  3.10985744e-02  5.70731498e-02 -2.00207353e-01  7.68285543e-02
  2.82981433e-03 -6.57885969e-02  4.60836738e-02 -1.21558338e-01
  2.37807497e-01  9.78664681e-02 -1.41794816e-01 -4.66839075e-02
  1.24775730e-01 -1.56749979e-01 -1.51706517e-01  6.57911152e-02
 -8.25593844e-02 -2.28018299e-01 -3.27335954e-01 -3.64361703e-02
  4.20936078e-01  1.75338656e-01 -1.80339515e-01  5.60833700e-02
 -1.25592276e-01 -3.77601199e-02  7.59209767e-02  1.58296272e-01
  3.96476686e-03  6.99817389e-03 -1.06434785e-01 -5.39066046e-02
  1.89025164e-01  1.91671439e-02 -2.16373485e-02  2.94278383e-01
  2.24677101e-02  2.23782174e-02  4.50491393e-03  2.31152903e-02
 -9.03850794e-02 -1.85969286e-02 -1.88482359e-01 -7.32025132e-02
 -6.95679635e-02 -5.12263924e-03  6.16061967e-03  7.91009963e-02
 -2.24885613e-01  1.05096996e-01  3.16578662e-04 -9.52428132e-02
 -3.63644660e-02  4.04885896e-02 -1.57915756e-01  6.02133106e-04
  7.56982267e-02 -2.85746723e-01  1.51838556e-01  2.03250274e-01
  3.97328958e-02  1.37144148e-01  6.75291121e-02  7.21288919e-02
 -6.33764863e-02 -2.96909437e-02 -1.05285205e-01 -8.72828290e-02
  6.19529486e-02 -2.41703866e-03  6.32598102e-02 -6.04938297e-03]
[-1.18504271e-01 -1.34312240e-02  6.07196391e-02 -7.66336694e-02
 -3.28158177e-02 -3.33543606e-02  1.65612139e-02 -4.55286577e-02
  1.63829148e-01 -5.49296141e-02  1.90214589e-01 -1.65398847e-02
 -2.64727324e-01  1.04371933e-02 -1.76635925e-02  1.59423083e-01
 -2.32981160e-01 -8.89673680e-02 -2.46076006e-02 -1.70034431e-02
  1.15468182e-01 -1.20230168e-02  2.52749883e-02  1.43934309e-01
 -1.08929425e-01 -2.74449885e-01 -5.20713478e-02 -6.88882619e-02
 -3.86603102e-02 -3.70769352e-02  4.39071953e-02  3.92770432e-02
 -2.12907761e-01  2.04376876e-04 -2.65801549e-02  4.80464846e-02
 -1.90778058e-02 -1.29675522e-01  2.15615585e-01  1.12304062e-01
 -2.19252154e-01 -3.33264694e-02  4.63766083e-02  2.30807692e-01
  1.74216017e-01  5.56925461e-02  4.52555344e-03 -3.17055061e-02
  1.00393176e-01 -3.88706893e-01 -5.01414314e-02  1.72071159e-01
  2.73596980e-02  3.25993448e-03  6.29706383e-02 -1.58385158e-01
  3.85482535e-02  8.31629112e-02 -1.83592081e-01  7.40766078e-02
 -8.05638172e-03 -7.26947412e-02  5.97567372e-02 -9.70693454e-02
  2.26282716e-01  9.98541862e-02 -1.58591256e-01 -4.14529368e-02
  1.33108735e-01 -1.42661154e-01 -1.28768265e-01  8.49779174e-02
 -9.33863297e-02 -2.27850735e-01 -3.26750308e-01 -2.35193390e-02
  4.23374921e-01  1.65892199e-01 -1.65418074e-01  5.84190749e-02
 -1.36448383e-01 -5.91006968e-03  7.90922195e-02  1.59883484e-01
  7.02049211e-03  4.22243252e-02 -1.09808505e-01 -4.98622321e-02
  1.98832482e-01  1.32141421e-02 -2.96633039e-02  2.87964642e-01
  1.59306247e-02  1.55149801e-02  7.65133090e-03  5.33823520e-02
 -7.78726488e-02 -5.23202941e-02 -1.58872008e-01 -7.24800229e-02
 -2.86142193e-02 -1.69386193e-02  2.35276669e-02  1.00492135e-01
 -2.33736739e-01  8.32125843e-02 -7.32397567e-03 -8.95060077e-02
 -2.39628479e-02  4.24207523e-02 -1.14017978e-01  5.51253906e-04
  7.33250827e-02 -2.94315368e-01  1.26256660e-01  2.16612354e-01
  8.63994006e-03  1.18791461e-01  5.65180741e-02  6.88076168e-02
 -5.69241233e-02 -2.74978019e-02 -1.06329203e-01 -9.72592682e-02
  2.50110142e-02  2.50329822e-02  7.10481033e-02  5.28775016e-03]
[-0.10000039 -0.01845501  0.06925651 -0.07564355 -0.0266582  -0.02936613
  0.00945084 -0.05548197  0.15089743 -0.04730602  0.16365311 -0.03023671
 -0.27482918  0.02969674 -0.02344719  0.13974737 -0.21588326 -0.07854194
 -0.02133967 -0.004388    0.11704826 -0.00375483  0.02551235  0.14500402
 -0.08124816 -0.26287737 -0.05886225 -0.07687721 -0.01455721 -0.0213636
  0.01556075  0.02751916 -0.17763522  0.00886791 -0.01280443  0.03932177
 -0.05389538 -0.14561866  0.22790813  0.10116976 -0.21728782 -0.03620898
  0.05015148  0.21352889  0.15562361  0.08305366  0.01842771 -0.03336802
  0.11770654 -0.39674777 -0.04682613  0.19381355  0.02050954  0.02007332
  0.07399169 -0.18366437  0.04362107  0.0717069  -0.18319345  0.11144157
  0.00822936 -0.08876403  0.06824879 -0.11147393  0.21439597  0.09892651
 -0.16105573 -0.03992546  0.13563864 -0.17079802 -0.11884537  0.09842324
 -0.08859666 -0.22672582 -0.28600782 -0.04777478  0.41699564  0.19139399
 -0.13215527  0.05121623 -0.13827685 -0.00668451  0.08236273  0.16523452
  0.01474408  0.03546755 -0.10359956 -0.08175553  0.20199642 -0.00101524
 -0.00931742  0.29158676  0.02458652  0.03657554 -0.01052768  0.04141817
 -0.08173237 -0.06155585 -0.12936179 -0.04825945 -0.06234219 -0.03943449
  0.03773292  0.08067477 -0.22673221  0.09186964 -0.01288271 -0.0706201
 -0.02229358  0.04039952 -0.10777365  0.00475746  0.07995773 -0.30438173
  0.12391278  0.21765096  0.02966503  0.11241986  0.04074802  0.08270209
 -0.05125505 -0.04208486 -0.11601762 -0.11065374  0.00565197  0.02394504
  0.04054392  0.01043267]
[-0.13113368 -0.01782504  0.06246975 -0.08249907 -0.05222327 -0.01892282
  0.02602298 -0.06818548  0.15050788 -0.07077929  0.17571145  0.02104608
 -0.28430226 -0.00473889 -0.05529038  0.1555953  -0.22896342 -0.12255214
 -0.02434624 -0.00499177  0.08617476 -0.03295703  0.05582523  0.13791437
 -0.0594082  -0.30560136 -0.08916682 -0.07340524 -0.02862156 -0.01996878
  0.05527929  0.04677998 -0.19487002  0.01404367 -0.02957805  0.02181641
 -0.04226695 -0.10572722  0.25521123  0.11490766 -0.22836928 -0.02059603
  0.04746522  0.25986907  0.17430179  0.05946377  0.02544625 -0.04288219
  0.11668056 -0.36953908 -0.01422921  0.2040367   0.06369668 -0.00816856
  0.08221534 -0.13423203  0.05088339  0.09587452 -0.17838727  0.1064162
  0.00597136 -0.0802336   0.06986749 -0.10279524  0.21012618  0.09225167
 -0.15436853 -0.0599897   0.18046258 -0.15193188 -0.11760878  0.09858624
 -0.11695656 -0.22009251 -0.30493411 -0.02633373  0.44814032  0.18487011
 -0.1156124   0.04021956 -0.14905897 -0.03590456  0.04775248  0.16956359
 -0.03776872  0.00890544 -0.10803011 -0.04824381  0.19026832  0.03234882
 -0.04018416  0.28370196  0.03243428  0.02047925  0.0033109   0.05375226
 -0.07696096 -0.0425892  -0.16767871 -0.05275346 -0.0811022  -0.04822871
  0.02808065  0.08907278 -0.21428168  0.07899369 -0.02712924 -0.07140364
 -0.04491398  0.04597403 -0.1248563   0.00568037  0.06913075 -0.29129097
  0.13660826  0.21999271  0.03563569  0.0902683   0.06190954  0.06217423
 -0.05826579 -0.06860685 -0.12060893 -0.09668909  0.035248    0.00287776
  0.06918417  0.01662699]
[-1.01796195e-01 -2.02715714e-02  4.84591536e-02 -8.07366967e-02
 -4.34642397e-02 -3.06456722e-02  3.89247686e-02 -8.86018574e-02
  1.36622712e-01 -4.28542905e-02  1.91654742e-01  2.31585242e-02
 -2.75884897e-01  1.03166243e-02 -5.86345941e-02  1.31805792e-01
 -2.05893040e-01 -1.12112179e-01 -6.22568838e-02  2.17293296e-03
  8.54961351e-02 -2.44389307e-02  5.74002825e-02  1.36556417e-01
 -3.88695449e-02 -2.87435412e-01 -9.39098522e-02 -8.84376913e-02
 -3.29932980e-02 -4.64920178e-02  5.79086728e-02  4.24839482e-02
 -1.74622059e-01  6.42999820e-03 -1.67865623e-02 -3.03480383e-02
 -6.64220676e-02 -1.18799403e-01  2.85367250e-01  1.16813801e-01
 -2.33596370e-01 -1.80963669e-02  5.29683717e-02  2.62699634e-01
  1.83083460e-01  6.29261285e-02  3.80141884e-02 -4.21665981e-02
  1.16078310e-01 -3.94889683e-01  4.58883122e-04  2.09749937e-01
  5.52508347e-02  7.78282061e-03  8.51869136e-02 -1.66713119e-01
  3.17781791e-02  9.05306190e-02 -1.61717668e-01  1.27162576e-01
 -1.94053631e-03 -8.85656476e-02  7.15041161e-02 -9.26737860e-02
  2.23714873e-01  9.86969471e-02 -1.62629798e-01 -4.72571328e-02
  1.60999909e-01 -1.52105495e-01 -1.04003295e-01  1.09227471e-01
 -1.28211334e-01 -2.43131086e-01 -2.64520526e-01 -2.11888980e-02
  4.62631166e-01  1.84203103e-01 -1.28161609e-01  4.32815105e-02
 -1.94065884e-01 -2.74530426e-02  5.13949916e-02  1.66574031e-01
 -1.09983506e-02  1.19199725e-02 -1.07829437e-01 -6.81808814e-02
  1.97741643e-01  2.15253327e-03 -4.16903235e-02  3.20072979e-01
  2.11745910e-02  1.43248718e-02  4.29103617e-03  5.21556251e-02
 -7.41707161e-02 -5.06805480e-02 -1.37163803e-01 -5.63360117e-02
 -8.24175328e-02 -4.18676771e-02  3.85308675e-02  8.19856375e-02
 -2.14831918e-01  8.32962021e-02 -2.85870116e-02 -4.30336855e-02
 -3.35130095e-02  2.53570508e-02 -8.76029506e-02 -1.80265605e-02
  6.69401735e-02 -3.05100292e-01  1.40410051e-01  2.06141457e-01
  2.42616925e-02  1.00984365e-01  3.89463045e-02  6.97420612e-02
 -4.35390510e-02 -6.55628070e-02 -1.15797743e-01 -7.30920285e-02
  3.20935957e-02  4.39358428e-02  3.79919447e-02  1.08600957e-02]
[-1.10839590e-01 -3.32875885e-02  3.62835862e-02 -3.07436679e-02
 -3.22146341e-02 -5.24967760e-02  1.39166396e-02 -8.72564837e-02
  1.27673119e-01 -3.10373697e-02  2.29100749e-01  3.03926058e-02
 -2.51633793e-01 -1.01188552e-02 -6.08481355e-02  1.38992026e-01
 -2.03549817e-01 -8.73165205e-02 -5.48138320e-02 -2.82009039e-03
  8.99454877e-02 -4.13067825e-02  6.54466003e-02  1.38649434e-01
 -4.53776270e-02 -2.84800380e-01 -8.88272151e-02 -8.86084512e-02
 -2.73239594e-02 -8.16051736e-02  4.58462797e-02  3.74212787e-02
 -1.74911737e-01 -1.26818195e-02  5.11893909e-03 -2.20870711e-02
 -6.27061799e-02 -1.10463932e-01  2.72102416e-01  9.56128240e-02
 -2.17230543e-01 -5.11252601e-03  4.32246439e-02  2.69151658e-01
  1.81612939e-01  8.38659778e-02  4.13240567e-02 -7.00174943e-02
  1.19025901e-01 -3.73199701e-01 -1.09823663e-02  2.02534869e-01
  7.17196614e-02 -5.51740453e-03  5.57020269e-02 -1.57022551e-01
  2.47661751e-02  8.34069103e-02 -1.69599116e-01  1.31830439e-01
 -9.51695163e-03 -6.86607510e-02  7.44317621e-02 -7.52504393e-02
  2.09615663e-01  1.05739206e-01 -1.62698820e-01 -4.67948467e-02
  1.51179209e-01 -1.70511633e-01 -9.29910690e-02  1.15421467e-01
 -1.27477348e-01 -2.92614013e-01 -2.71604747e-01 -3.15372981e-02
  4.71151650e-01  1.67523056e-01 -1.50754735e-01  1.94960404e-02
 -1.61703840e-01 -3.54049802e-02  5.19875921e-02  1.75631553e-01
 -1.98134128e-02  4.53629438e-03 -1.10648505e-01 -6.54161423e-02
  2.32758269e-01 -3.12517397e-04 -5.39106987e-02  2.93939412e-01
  2.75244042e-02 -8.39062035e-04  1.57835986e-02  6.02173135e-02
 -6.55647591e-02 -5.62724397e-02 -1.47551969e-01 -7.47119337e-02
 -9.78587046e-02 -4.23187353e-02  2.81703155e-02  7.40476176e-02
 -2.01687276e-01  9.17507783e-02 -2.68448405e-02 -6.42859638e-02
 -4.31762934e-02  3.37841846e-02 -9.74002630e-02 -2.86727138e-02
  7.07481876e-02 -2.79256642e-01  1.62381157e-01  2.26343572e-01
  6.61871061e-02  1.11150734e-01  2.16092970e-02  7.74562284e-02
 -4.15651873e-02 -4.56907228e-02 -8.48540291e-02 -7.89863095e-02
  9.83381644e-03  3.32662985e-02  5.83101809e-02 -2.50194278e-02]
[-0.07053975 -0.02789896  0.03589935 -0.02761182 -0.06114921 -0.08996279
 -0.01651315 -0.073303    0.14083812 -0.03067382  0.22390647  0.02119076
 -0.23008053 -0.02934546 -0.04106578  0.16277787 -0.206462   -0.06893848
 -0.05837676  0.03850634  0.09718607 -0.01679298  0.07845263  0.11221343
 -0.03219321 -0.34165999 -0.07784882 -0.06974518 -0.02286357 -0.06446222
  0.06262539  0.07461307 -0.16720781 -0.03342484  0.02630565 -0.01196286
 -0.06402001 -0.12009855  0.25396812  0.09710337 -0.24098834  0.00387236
  0.03642404  0.26053551  0.1890931   0.08187402  0.076327   -0.08981457
  0.10106451 -0.36480397 -0.01367744  0.1634293   0.06511576 -0.01875252
  0.07671921 -0.14600889  0.01882752  0.09177468 -0.22055681  0.12340546
  0.008961   -0.0454927   0.07379225 -0.1019361   0.21140771  0.0974948
 -0.14821185 -0.04337229  0.15085214 -0.18206978 -0.09366995  0.10183955
 -0.10981755 -0.30683252 -0.28470638 -0.06431578  0.44706517  0.18620248
 -0.16250224  0.0023956  -0.12407784 -0.05678905  0.04738342  0.16119984
  0.00785857  0.0031784  -0.09606584 -0.05684623  0.25281763 -0.014668
 -0.04655432  0.31334621  0.03603637 -0.01713237 -0.01064234  0.01624718
 -0.05199707 -0.03611898 -0.17382571 -0.08067692 -0.10747956 -0.04303129
  0.0311805   0.06114026 -0.19731742  0.09859248 -0.0195798  -0.07515917
 -0.04005265  0.02884212 -0.11811694 -0.03071978  0.09552491 -0.24840073
  0.17793547  0.22664717  0.11369596  0.12773323  0.01243873  0.06914391
 -0.02901775 -0.07117882 -0.08351178 -0.07142106  0.00672987  0.02815336
  0.077512   -0.00897731]
[-0.08030012 -0.02279031  0.02967489 -0.038016   -0.05286999 -0.10708084
 -0.01903827 -0.08528753  0.15135252 -0.03807947  0.20648468  0.02729677
 -0.2187337  -0.04592768 -0.04605389  0.16061325 -0.21884987 -0.07454371
 -0.0666708   0.02427418  0.10890201 -0.00559051  0.07534695  0.12142115
 -0.03992164 -0.34145075 -0.08601228 -0.07316995 -0.02862675 -0.06028238
  0.07403771  0.09218255 -0.14499143 -0.02699604  0.0227081  -0.00553476
 -0.05054698 -0.1026613   0.25568295  0.08365904 -0.23583704 -0.0124321
  0.03262188  0.26034907  0.17643219  0.06912536  0.0851825  -0.08324
  0.10997833 -0.36661124 -0.0450526   0.1734623   0.05469526 -0.00979098
  0.08801939 -0.13911308  0.02545359  0.08722834 -0.23217678  0.11656826
 -0.00541906 -0.07964941  0.06360222 -0.09075743  0.20197752  0.11048804
 -0.14721553 -0.04787238  0.15029919 -0.19995506 -0.0938516   0.10028604
 -0.10077951 -0.30035871 -0.29551628 -0.0799928   0.4242056   0.18587577
 -0.16222703  0.00248162 -0.11053758 -0.05137714  0.05302049  0.15452759
 -0.02188664  0.03037237 -0.10653862 -0.03997103  0.24111    -0.01445527
 -0.0363679   0.31272525  0.04893904  0.00190177  0.00049562  0.02937447
 -0.04969718 -0.04237111 -0.1695338  -0.04356189 -0.08328401 -0.03837937
  0.03947928  0.04834214 -0.1649628   0.10097395 -0.03059407 -0.08336888
 -0.07709843  0.01767653 -0.11839142 -0.02892709  0.10259303 -0.22506081
  0.1691692   0.23015703  0.08743858  0.13807559  0.00129554  0.06479847
 -0.05594808 -0.08437707 -0.06316452 -0.06879226  0.01597252  0.02212514
  0.07130378 -0.02474865]
[-8.66390616e-02 -2.63801292e-02  2.70740036e-02 -3.94624211e-02
 -4.42991368e-02 -7.20986351e-02 -7.67382700e-03 -9.12628993e-02
  1.27687290e-01 -2.23654248e-02  2.20688432e-01  3.00941635e-02
 -2.29928240e-01 -2.65341010e-02 -4.93695363e-02  1.51341975e-01
 -1.99122250e-01 -6.80703670e-02 -6.18973859e-02  1.39051881e-02
  1.13590799e-01  9.49409511e-03  6.96635991e-02  1.37943476e-01
 -5.03185317e-02 -3.11756790e-01 -7.98010677e-02 -7.10224211e-02
 -5.51348329e-02 -5.73748164e-02  7.56594762e-02  9.67912376e-02
 -1.49565101e-01 -7.21774250e-03  2.07582414e-02  3.02923843e-04
 -4.70375754e-02 -1.03197098e-01  2.47963041e-01  9.95136276e-02
 -2.37699941e-01  3.19698988e-03  5.58790416e-02  2.77157992e-01
  1.75602227e-01  6.54492676e-02  5.32647297e-02 -7.67822415e-02
  9.24867168e-02 -3.67431730e-01 -3.19813192e-02  1.78354040e-01
  5.99764250e-02 -9.76073556e-03  6.96156472e-02 -1.28225908e-01
  2.38539204e-02  6.17689453e-02 -2.21021220e-01  1.01684362e-01
 -6.37554564e-03 -8.39522630e-02  6.60668164e-02 -1.21859744e-01
  1.94225147e-01  1.20789111e-01 -1.52373523e-01 -5.05400412e-02
  1.28995106e-01 -1.94939092e-01 -1.28598079e-01  1.17585592e-01
 -1.15295924e-01 -2.91677922e-01 -3.01219583e-01 -6.86663017e-02
  4.33926255e-01  1.92179278e-01 -1.70349434e-01  5.98868495e-03
 -1.21555291e-01 -4.97348607e-02  5.69580570e-02  1.65101528e-01
  9.68282484e-03  1.99652463e-02 -9.90279391e-02 -4.24087495e-02
  2.41835654e-01 -1.50976917e-02 -5.47716022e-02  3.19314599e-01
  5.06157540e-02 -6.33213669e-03  2.77755782e-04  5.00245020e-02
 -4.57693003e-02 -4.28805016e-02 -1.73487544e-01 -6.05122447e-02
 -1.04270451e-01 -1.78308934e-02  4.44811843e-02  6.12539202e-02
 -1.87156066e-01  1.14066638e-01 -1.63682774e-02 -8.39634910e-02
 -4.67496105e-02  2.53906660e-02 -1.11674078e-01 -2.71773711e-02
  9.32327434e-02 -2.48730853e-01  1.50146186e-01  2.14033425e-01
  8.71909261e-02  1.21202074e-01  5.62395900e-03  7.78162405e-02
 -6.53621927e-02 -7.79845491e-02 -8.28166753e-02 -7.43720606e-02
  2.44183913e-02  2.32231747e-02  7.09743798e-02 -1.91493575e-02]
[-0.07844792 -0.04340015  0.03491076 -0.03178967 -0.02770744 -0.04953212
  0.00954962 -0.07842197  0.14566012 -0.02055243  0.22879346  0.02421077
 -0.23931631 -0.00533775 -0.05717786  0.13436344 -0.2036736  -0.08965489
 -0.04807422  0.00599559  0.07442617 -0.02513744  0.0498404   0.14539924
 -0.04939888 -0.29518801 -0.09940556 -0.0861444  -0.03854252 -0.09666649
  0.05799728  0.06472733 -0.17687157 -0.02071121 -0.00931024 -0.02133838
 -0.07221322 -0.13971666  0.28771609  0.11294958 -0.22618768 -0.00858477
  0.02946128  0.28719819  0.18098655  0.05432913  0.04580386 -0.04325565
  0.11463319 -0.37989745 -0.04142565  0.20476426  0.07514453 -0.00439999
  0.03915025 -0.12640886  0.01593018  0.08326595 -0.18835965  0.13912624
 -0.01068563 -0.09702427  0.08870871 -0.08270797  0.19121547  0.10845471
 -0.14516938 -0.03956396  0.14470111 -0.19243619 -0.10421339  0.11758869
 -0.11807812 -0.32046813 -0.27996072 -0.01925127  0.44318029  0.16653796
 -0.15487549  0.01499621 -0.10986726 -0.04642384  0.06590736  0.19525726
 -0.00326296  0.02068921 -0.10737421 -0.04878193  0.26685503 -0.00500668
 -0.05224269  0.30189478  0.01734245 -0.00641373  0.02608807  0.06880513
 -0.02538097 -0.03668759 -0.15225957 -0.01548401 -0.08233815 -0.03812792
  0.02475105  0.06163092 -0.16745071  0.08246561 -0.02837924 -0.09223836
 -0.05634729  0.00766093 -0.11078127 -0.03616727  0.10567771 -0.26440129
  0.14785549  0.22226547  0.04783228  0.11464987  0.00510818  0.08487546
 -0.04803447 -0.06410544 -0.08459195 -0.08087783  0.01951771  0.04396991
  0.05690812 -0.04025108]
